000000000000000000000000000000000000000000000000000000000000000000000000000000000000000000000000000000000000000000000000000000000000000000000000000000000000000000000000000000000000000000000000000000000000000011111111110000000000000000000000000000000000000000
000000000000000000000000000000000000000000000000000000000000000000000000000000000000000000000000000000000000000011111111100000000000000000000000000000000000000000000000000000000000000000000000000000000000000000111111000000000000000000000000000000000000000000
000001111111111100000000000000000000000000000000000000000000000000000000000000000000001111111111111111111111111111111111100000000000000000000000000000000000000000000000000000000000000000000000000000000000000000011100000000000000000000000000000000000000000000
000000011111110000000000000000000000000000000000000000000000000000000000000000000000000000000000000000000000000000011110000000000111111111111111111111111110000000000000000000000000000000000000000000000000000000011100000000001111111111111111111111111111111100
000000000111110000000000000000000000000000000000000000000000000000000000000000000000000000000000001111110000000000111100000000000000000000000111111111111110000000000000000000000000111111111111111000000000000011111100000000000011111111111100000000000000000000
000000000111100000000000000000000011111111111111111100000000000000000000000000000000000000000000001111000000011111110000000000000000000000000111111111111111111100000000000000000000000000011111111000000000000001111100000000000001111111111111000000000000000000
000000000011110000000000000000000000111000000000000000000000000000000000000000000000000000000000001110000000000011100000000000000000000000000011111000001111111100000000000000000000000000000111111000000000000000011100000000000001110000000111100000000000000000
000000000011111000000001111100000000110000000000000000000000000000000111000000000000000000000000001110000000000111000000000000000000000000000011111000000000011100000000000000000000000000000011111000000000000000011100000000000001100000000011100000000000000000
000000000001111000001111111100000000100011100000011111111111111111111111000000000000000000000000001110000000001110000000000000000000000000000011111000000000001100000000000000000000000000000011111000000000000000011100000000000001100000000001110000000000000000
000000000001111000000111111110000001100011000000000000000000000011111111100000000000001111111111111110000000011100000000000000000000000000000011111000000000000100000000000000000000000000000011111000000000000000011100000000000001100000000001110000000000000000
000000000001111100000011111110000001000110000000000000000000000011111111100000000000000000000000111110000000111000000000000000000000000000000011111000000000000100000000000000000000000000000011111000000000000000011100000000000001100000000001110000000000000000
000000000000111100000001111110000001000110000000000000000000000110111111110000000000000000000000111110000001110000000000000000000000000000000011111000000000000000000000000000000000000000000011111000000000000000011100000000000001100000000001110000000000000000
000000000000111110000000111111000011000100000000000000000000000110011111110000000000000000000000011110000011100000000000000000000000000000000011111000000000000000000000000000000000000000000011111000000000000000011100000000000001100000000001110000000000000000
000000000000011110000000111111000010001100000000000000000000001100011111110000000000000000000000011110000111000000000000000000000000000000000011111000000000000000000000000000000000000000000011111000000000000000011100000000000001100000000001110000000000000000
000000000000011111100000011111100110001100000000000000000000001100001111111000000000000000000000011110001110000000000000000000000000000000000011111000000000000000000000000000000000000000000011111000000000000000011100000000000001100000000011110000000000000000
000000000000011111100000111111100100011000000000000000000000001000001111111100000000000000000001111110011100000000000000000000000000000000000011111000000000010000000000000000000000000000000011111000000000000000011100000000000001100000000111100000000000000000
000000000000001111100000111111111100011000000000000000000000011000000111111100000000000000000001111110111000000000000000000000000000000000000011111111110000010000000000000000000000000000000011111000000000000000011100000000000001111110001111100000000000000000
000000000000001111110001101111111000011000000000000000000000010000000111111110000000000000000001111111111100000000000000000000000000000000000011111111110000110000000000000000000000000000000011111000000000000000011100000000000001111111111111000000000000000000
000000000000000111110001100111111000110000000000000000000000110000000011111111000000000000000001111110111110000000000000000000000000000000000011111111111111110000000000000000000000000000000011111000000000000000011100000000000001110001111100000000000000000000
000000000000000111110001100111111000110000000000000000000000100000000011111000000000000000000001111110011111000000000000000000000000000000000011111000011111110000000000000011111111111100000011111000000000000000011100000000000001110000000000000000000000000000
000000000000000011111011000111111001100000000000000000000001100000000001111000000000000000000001111110001111100000000000000000000000000000000011111000000000000000000000000011111111111100000011111000000000000000011100000000000001110000000000000000000000000000
000000000000000011111111000011111101100000000000000000000001000000000001111100000000000000000001111110000111110000000000000000000000000000000011111000000000000000000000000011111111111100000011111000000000000000011100000000000001110000000000000000000000000000
111111111111111111111110000011111101100000000000000000000011111111111111111100000000000000000001111110000011111000000000000000000000000000000011111000000000000000000000000011111111111100000011111000000000000000011111111111000001110000000000000000000000000000
000000000000000001111110000001111111000000000000000000000010000000000000111110000000000000000001111110000001111100000000000000000000000000000011111000000000000000000000000000000000000000000011111000000000000000011000001111111111110000000000000000000000000000
000000000000000001111100000001111111000000000000000000000110000000000000011110000000000000000001111110000000111110000000000000000000000000000011111000000000000000000000000000000000000000000011111100000000000000110000000000000001110000000000000000000000000000
000000000000000000111100000001111111000000000000000000000100000000000000011111000000000000000001110000000000011111000000000000000000000000000011111000000000000000000000000000000000000000000001111100000000000001100000000000000001110000000000000000000000000000
000000000000000000111000000000111110000000000000000000001100000000000000001111000000000000000001110000000000001111100000000000000000000000000011111000000000000000000000000000000000000000000001111100000000000011100000000000000011110000000000000000000000000000
000000000000000000111000000000101110000000000000000000001000000000000000001111100000000000000001111111100000000111110000000000000000000000000011111000000000000000000000000000000000000000000001111110000000001111000000000000000011110000000000000000000000000000
000000000000000000011000000000001100000000000000000000011000000000000000001111100000000000000001111111100000000011111000000000000000000000000111111100000000000000000000000000000000000000000000111111100000001110000000000000000011110000000000000000000000000000
000000000000000000011000000000000100000000000000000000111000000000000000011111111000000000000011111111100000000111111111000000000000000000001111111111111111111111111111111110000000000000000000001111111111111100000000000000000011111100000000000000000000000000
000000000000000000010000000000000100000000000000000011111110000000000001111111111111111111111111111111100000011111111111111111111111111111111111100000111111111110000000000000000000000000000000000011111111110000000000000000000011111111000000000000000000000000
000000000000000000010000000000000000000000000000000000000000000000000000000000000000000000000000001111100000000000111111000000000000000000000000000000111111111110000000000000000000000000000000000000011111000000000000000000000011100000000000000000000000000000
000000000000000000000000000000000000000000000000000000000000000000000000000000000000000000000000001111100000000011111111100000000000000000000000000000000000000000000000000000000000000000000000000000000000000000000000000000000011111000000000000000000000000000
000000000000000000000000000000000000000000000000000000000000000000000000000000000000000000000000001111100000000011111111110000000000000000000000000000000000000000000000000000000000000000000000000000000000000000000000000000000000000000000000000000000000000000
000000000000000000000000000000000000000000000000000000000000000000000000000000000000000000000000011111110000000000000000000000000000000000000000000000000000000000000000000000000000000000000000000000000000000000000000000000000000000000000000000000000000000000
000000000000000000000000000000000000000000000000000000000000000000000000000000000000000000000001111111111100000000000000000000000000000000000000000000000000000000000000000000000000000000000000000000000000000000000000000000000000000000000000000000000000000000
